# puzzle 1
rows = 5
columns = 6
Horizontal = [['#', '#', '#', '#', '#', '#'],
              [4, 0, 0, '#', '#', '#'],
              [10, 0, 0, 0, 0, '#'],
              ['#', 10, 0, 0, 0, 0],
              ['#', '#', '#', 3, 0, 0]]
              
Vertical = [['#', 3, 6, '#', '#', '#'],
            ['#', 0, 0, 7, 8, '#'],
            ['#', 0, 0, 0, 0, 3],
            ['#', '#', 0, 0, 0, 0],
            ['#', '#', '#', '#', 0, 0]]

# puzzle 2
rows=7
columns=7
Horizontal = [['#', '#', '#', '#', '#', '#', '#'],
              [4, 0, 0, 23, 0, 0, 0],
              [10, 0, 0, 13, 0, 0, 0],
              [24, 0, 0, 0, 0, '#', '#'],
              ['#', '#', 27, 0, 0, 0, 0],
              [7, 0, 0, 0, 13, 0, 0],
              [23, 0, 0, 0, 5, 0, 0]]

Vertical = [['#', 19, 9, '#', 24, 12, 16],
            ['#', 0, 0, '#', 0, 0, 0],
            ['#', 0, 0, 18, 0, 0, 0],
            ['#', 0, 0, 0, 0, 21, 11],
            ['#', 9, 10, 0, 0, 0, 0],
            ['#', 0, 0, 0, '#', 0, 0],
            ['#', 0, 0, 0, '#', 0, 0]]

# puzzle 3
rows=8
columns=8
Horizontal = [['#', '#', '#', '#', '#', '#', '#', '#'],
            [16, 0, 0, '#', 24, 0, 0, 0],
            [17, 0, 0, 29, 0, 0, 0, 0],
            [35, 0, 0, 0, 0, 0, '#', '#'],
            ['#', 7, 0, 0, 8, 0, 0, '#'],
            ['#', '#', 16, 0, 0, 0, 0, 0],
            [21, 0, 0, 0, 0, 5, 0, 0],
            [6, 0, 0, 0, '#', 3, 0, 0]]

Vertical = [['#', 23, 30, '#', '#', 27, 12, 16],
            ['#', 0, 0, '#', 17, 0, 0, 0],
            ['#', 0, 0, 15, 0, 0, 0, 0],
            ['#', 0, 0, 0, 0, 0, 12, '#'],
            ['#', '#', 0, 0, 7, 0, 0, 7],
            ['#', 11, 10, 0, 0, 0, 0, 0],
            ['#', 0, 0, 0, 0, '#', 0, 0],
            ['#', 0, 0, 0, '#', '#', 0, 0]]


# puzzle 4
rows=10
columns=10
Horizontal = [['#', '#', '#', '#', '#','#', '#', '#', '#', '#'],
              [7, 0, 0, 15, 0, 0, 0, 3, 0, 0],
              [14, 0, 0, 23, 0, 0, 0, 15, 0, 0],
              ['#', 28, 0, 0, 0, 0, 0, 0, 0, '#'],
              [29, 0, 0, 0, 0, 14, 0, 0, 0, 0],
              [18, 0, 0, 0, 0, 29, 0, 0, 0, 0],
              ['#', '#', 16, 0, 0, 0, 0, 0, '#', '#'],
              ['#', 41, 0, 0, 0, 0, 0, 0, 0, '#'],
              [9, 0, 0, 0, '#', '#', 7, 0, 0, 0],
              [22, 0, 0, 0, '#', '#', 17, 0, 0, 0]]

Vertical = [['#', 7, 34, '#', 28, 23, 41, '#', 32, 10],
            ['#', 0, 0, '#', 0, 0, 0, '#', 0, 0],
            ['#', 0, 0, 41, 0, 0, 0, 28, 0, 0],
            ['#', 7, 0, 0, 0, 0, 0, 0, 0, 11],
            ['#', 0, 0, 0, 0, '#', 0, 0, 0, 0],
            ['#', 0, 0, 0, 0, 3, 0, 0, 0, 0],
            ['#', '#', 14, 0, 0, 0, 0, 0, 16, '#'],
            ['#', 8, 0, 0, 0, 0, 0, 0, 0,  4],
            ['#', 0, 0, 0, '#', '#', '#', 0, 0, 0],
            ['#', 0, 0, 0, '#', '#', '#', 0, 0, 0]]



# puzzle 5
rows=12
columns=10
Horizontal = [['#','#','#','#','#','#','#','#','#','#'],
              ['#', 18, 0, 0, 0, 0, 0, 12, 0, 0],
              [39, 0, 0, 0, 0, 0, 0, 10, 0, 0],
              [12, 0, 0, 0, '#', 11, 0, 0, 0, 0],
              ['#', 9, 0, 0, 12, 0, 0, 0, '#', '#'],
              ['#', 17, 0, 0, 0, 0, '#', 8, 0, 0],
              [14, 0, 0, 6, 0, 0, 0, 11 , 0, 0],
              [9, 0, 0, '#', 14, 0, 0, 0, 0, '#'],
              ['#', '#', 9, 0, 0, 0, 8, 0, 0, '#'],
              [11, 0, 0, 0, 0, '#', 11, 0, 0, 0],
              [17, 0, 0, 37 ,0 ,0 ,0 ,0 ,0 ,0],
              [9, 0, 0, 20, 0, 0, 0, 0, 0, '#']]

Vertical = [['#','#',31,32,12,10,21,'#',6,19],
            ['#',5,0,0,0,0,0,'#',0,0],
            ['#',0,0,0,0,0,0,13,0,0],
            ['#',0,0,0,'#',15,0,0,0,0],
            ['#','#',0,0,4,0,0,0,29,5],
            ['#',7,0,0,0,0,10,'#',0,0],
            ['#',0,0,'#',0,0,0,32,0,0],
            ['#',0,0,6,12,0,0,0,0,'#'],
            ['#',20,11,0,0,0,'#',0,0,10],
            ['#',0,0,0,0,4,10,0,0,0],
            ['#',0,0,'#',0,0,0,0,0,0],
            ['#',0,0,'#',0,0,0,0,0,'#']]

